%Problem geometry.
% mat-file would be nicer, but this is easier to publish :)
% 
% Copyright (c) 2016 Antti Lehikoinen / Aalto University

% nodal coordinates
p = [0.1000000000 0.0000000000
	0.1020000000 0.0000000000
	0.1239000000 0.0000000000
	0.1341630000 0.0000000000
	0.1550000000 0.0000000000
	0.1008830800 0.0048584713
	0.1006541700 0.0083509775
	0.1019424900 0.0034246904
	0.1017816100 0.0066711192
	0.1015173700 0.0099107734
	0.1195319200 0.0034250947
	0.1192441400 0.0078156739
	0.1189563700 0.0122062530
	0.1225128400 0.0049119701
	0.1221058700 0.0111211870
	0.1236347200 0.0081034477
	0.1340911700 0.0043896903
	0.1335169700 0.0131502740
	0.1338757500 0.0087746800
	0.1546681300 0.0101374850
	0.0999872270 0.0015982304
	0.0999489130 0.0031960525
	0.0998850670 0.0047930582
	0.0997858920 0.0065403129
	0.0996561560 0.0082855645
	0.0995110050 0.0098772412
	0.0993404340 0.0114663950
	0.0991444860 0.0130526190
	0.1011273800 0.0133136720
	0.1228400200 0.0161721950
	0.1330152200 0.0175117850
	0.1536739500 0.0202315600
	0.0993858510 0.0179847900
	0.0987030350 0.0214175390
	0.1006233500 0.0167015570
	0.1000401000 0.0198992130
	0.0993552600 0.0230766610
	0.1180622400 0.0189978380
	0.1172038400 0.0233132930
	0.1163454400 0.0276287490
	0.1208235900 0.0208610820
	0.1196096300 0.0269640580
	0.1215193000 0.0241716910
	0.1323710300 0.0218545450
	0.1306582600 0.0304652330
	0.1315851000 0.0261739030
	0.1520217200 0.0302390000
	0.0989232120 0.0146355090
	0.0986766680 0.0162146610
	0.0984049170 0.0177896700
	0.0980785280 0.0195090320
	0.0977221010 0.0212224190
	0.0973704360 0.0227815330
	0.0969938980 0.0243348270
	0.0965925830 0.0258819050
	0.0985244340 0.0263995430
	0.1196782100 0.0320676800
	0.1295915100 0.0347239390
	0.1497185000 0.0401169520
	0.0961881050 0.0308033850
	0.0950630670 0.0341176400
	0.0975825100 0.0296926550
	0.0965868730 0.0327868250
	0.0954931530 0.0358477010
	0.1145724800 0.0342455240
	0.1131581500 0.0384120160
	0.1117438200 0.0425785090
	0.1170670100 0.0364532550
	0.1150668400 0.0423455660
	0.1173246400 0.0398263500
	0.1283859900 0.0389454630
	0.1255639500 0.0472589230
	0.1270429900 0.0431252830
	0.1467741700 0.0498231170
	0.0961665930 0.0274223710
	0.0957160370 0.0289558320
	0.0952410310 0.0304818960
	0.0946930130 0.0321439470
	0.0941159930 0.0337961520
	0.0935638320 0.0352960260
	0.0929877690 0.0367868830
	0.0923879530 0.0382683430
	0.0942357120 0.0390337100
	0.1144686700 0.0474144770
	0.1239504500 0.0513419570
	0.1432013300 0.0593159320
	0.0913445540 0.0430949240
	0.0897965430 0.0462339790
	0.0928720090 0.0421757040
	0.0914810200 0.0451134460
	0.0899971320 0.0480053770
	0.1091223600 0.0489072580
	0.1071762900 0.0528534980
	0.1052302200 0.0567997390
	0.1113073800 0.0514217030
	0.1085552200 0.0570025290
	0.1111225300 0.0547995690
	0.1222042200 0.0553700130
	0.1183212000 0.0632440000
	0.1203271400 0.0593387770
	0.1390152700 0.0685547470
	0.0917645370 0.0397400280
	0.0911176790 0.0412015610
	0.0904475450 0.0426525690
	0.0896872740 0.0442288690
	0.0888995350 0.0457916230
	0.0881563240 0.0472065940
	0.0873905940 0.0486095060
	0.0866025400 0.0500000000
	0.0883345910 0.0510000000
	0.1073005500 0.0619500000
	0.1161885700 0.0670815000
	0.1342339400 0.0775000000
	0.0849380720 0.0546490980
	0.0829935760 0.0575592420
	0.0865724420 0.0539371140
	0.0848099000 0.0566681640
	0.0829612350 0.0593416670
	0.1018051300 0.0627321770
	0.0993606190 0.0663906430
	0.0969161100 0.0700491090
	0.1036432500 0.0655103110
	0.1001861900 0.0706841640
	0.1030190800 0.0688351520
	0.1139315100 0.0708471670
	0.1090539500 0.0781469550
	0.1115524600 0.0745369690
	0.1288777900 0.0861133860
	0.0857923640 0.0513777220
	0.0849602720 0.0527423190
	0.0841064760 0.0540934440
	0.0831469610 0.0555570230
	0.0821619800 0.0570035870
	0.0812404380 0.0583094440
	0.0802981420 0.0596004060
	0.0793353340 0.0608761430
	0.0809220410 0.0620936660
	0.0982964790 0.0754255410
	0.1064386600 0.0816732590
	0.1229697700 0.0943580210
	0.0770782760 0.0652682110
	0.0747705660 0.0678996500
	0.0787915960 0.0647756460
	0.0766876600 0.0672532730
	0.0745058490 0.0696626050
	0.0927459790 0.0754837300
	0.0898448570 0.0787918250
	0.0869437350 0.0820999200
	0.0942057530 0.0784780200
	0.0901029480 0.0831563730
	0.0931529520 0.0816929460
	0.1037094000 0.0851121060
	0.0979207530 0.0917127940
	0.1008690800 0.0884598120
	0.1165351700 0.1021986000
	0.0783522600 0.0621363290
	0.0773491710 0.0633806420
	0.0763263220 0.0646087650
	0.0751839810 0.0659345820
	0.0740186120 0.0672402040
	0.0729345050 0.0684146040
	0.0718317660 0.0695715270
	0.0707106780 0.0707106780
	0.0721248920 0.0721248920
	0.0876105300 0.0876105300
	0.0948675670 0.0948675670
	0.1096015500 0.1096015500
	0.0678996500 0.0747705660
	0.0652682110 0.0770782760
	0.0696626050 0.0745058490
	0.0672532730 0.0766876600
	0.0647756460 0.0787915960
	0.0820999200 0.0869437350
	0.0787918250 0.0898448570
	0.0754837300 0.0927459790
	0.0831563730 0.0901029480
	0.0784780200 0.0942057530
	0.0816929460 0.0931529520
	0.0917127940 0.0979207530
	0.0851121060 0.1037094000
	0.0884598120 0.1008690800
	0.1021986000 0.1165351700
	0.0695715270 0.0718317660
	0.0684146040 0.0729345050
	0.0672402040 0.0740186120
	0.0659345820 0.0751839810
	0.0646087650 0.0763263220
	0.0633806420 0.0773491710
	0.0621363290 0.0783522600
	0.0608761430 0.0793353340
	0.0620936660 0.0809220410
	0.0754255410 0.0982964790
	0.0816732590 0.1064386600
	0.0943580210 0.1229697700
	0.0575592420 0.0829935760
	0.0546490980 0.0849380720
	0.0593416670 0.0829612350
	0.0566681640 0.0848099000
	0.0539371140 0.0865724420
	0.0700491090 0.0969161100
	0.0663906430 0.0993606190
	0.0627321770 0.1018051300
	0.0706841640 0.1001861900
	0.0655103110 0.1036432500
	0.0688351520 0.1030190800
	0.0781469550 0.1090539500
	0.0708471670 0.1139315100
	0.0745369690 0.1115524600
	0.0861133860 0.1288777900
	0.0596004060 0.0802981420
	0.0583094440 0.0812404380
	0.0570035870 0.0821619800
	0.0555570230 0.0831469610
	0.0540934440 0.0841064760
	0.0527423190 0.0849602720
	0.0513777220 0.0857923640
	0.0500000000 0.0866025400
	0.0510000000 0.0883345910
	0.0619500000 0.1073005500
	0.0670815000 0.1161885700
	0.0775000000 0.1342339400
	0.0462339790 0.0897965430
	0.0430949240 0.0913445540
	0.0480053770 0.0899971320
	0.0451134460 0.0914810200
	0.0421757040 0.0928720090
	0.0567997390 0.1052302200
	0.0528534980 0.1071762900
	0.0489072580 0.1091223600
	0.0570025290 0.1085552200
	0.0514217030 0.1113073800
	0.0547995690 0.1111225300
	0.0632440000 0.1183212000
	0.0553700130 0.1222042200
	0.0593387770 0.1203271400
	0.0685547470 0.1390152700
	0.0486095060 0.0873905940
	0.0472065940 0.0881563240
	0.0457916230 0.0888995350
	0.0442288690 0.0896872740
	0.0426525690 0.0904475450
	0.0412015610 0.0911176790
	0.0397400280 0.0917645370
	0.0382683430 0.0923879530
	0.0390337100 0.0942357120
	0.0474144770 0.1144686700
	0.0513419570 0.1239504500
	0.0593159320 0.1432013300
	0.0341176400 0.0950630670
	0.0308033850 0.0961881050
	0.0358477010 0.0954931530
	0.0327868250 0.0965868730
	0.0296926550 0.0975825100
	0.0425785090 0.1117438200
	0.0384120160 0.1131581500
	0.0342455240 0.1145724800
	0.0423455660 0.1150668400
	0.0364532550 0.1170670100
	0.0398263500 0.1173246400
	0.0472589230 0.1255639500
	0.0389454630 0.1283859900
	0.0431252830 0.1270429900
	0.0498231170 0.1467741700
	0.0367868830 0.0929877690
	0.0352960260 0.0935638320
	0.0337961520 0.0941159930
	0.0321439470 0.0946930130
	0.0304818960 0.0952410310
	0.0289558320 0.0957160370
	0.0274223710 0.0961665930
	0.0258819050 0.0965925830
	0.0263995430 0.0985244340
	0.0320676800 0.1196782100
	0.0347239390 0.1295915100
	0.0401169520 0.1497185000
	0.0214175390 0.0987030350
	0.0179847900 0.0993858510
	0.0230766610 0.0993552600
	0.0198992130 0.1000401000
	0.0167015570 0.1006233500
	0.0276287490 0.1163454400
	0.0233132930 0.1172038400
	0.0189978380 0.1180622400
	0.0269640580 0.1196096300
	0.0208610820 0.1208235900
	0.0241716910 0.1215193000
	0.0304652330 0.1306582600
	0.0218545450 0.1323710300
	0.0261739030 0.1315851000
	0.0302390000 0.1520217200
